Session Start Time: 2025-10-21 18:30:28.822981
Subject: 1 
 Block: 1 
Experiment started at 7.755497791804373
STUDY_FILLER_QUESTION, 1, 20, 71.16776233329438, [1.51764825], [1.]
STUDY_FILLER_QUESTION, 1, 41, 136.25763120828196, [1.27045142], [0.]
STUDY_FILLER_QUESTION, 1, 62, 201.09969758312218, [1.12277542], [0.]
STUDY_FILLER_QUESTION, 1, 83, 265.7963531250134, [1.08042467], [1.]
STUDY_FILLER_QUESTION, 1, 104, 330.45211791666225, [0.970151], [0.]
TEST_Q1, 1, 0, 414.54420279175974, [0.76412762], [0.]
TEST_Q2, 1, 0, 415.3119103750214, [1.90703375], [0.]
TEST_Q1, 1, 1, 419.72257341677323, [1.651826], [0.]
TEST_Q2, 1, 1, 421.3785253332462, [0.99639496], [0.]
TEST_Q1, 1, 2, 424.8776271666866, [0.50564467], [1.]
TEST_Q2, 1, 2, 425.3870812917594, [4.64708258], [2.]
TEST_Q1, 1, 3, 432.5368304166477, [0.59030854], [1.]
TEST_Q2, 1, 3, 433.13099683308974, [1.14476283], [2.]
TEST_Q1, 1, 4, 436.77913037501276, [0.522777], [0.]
TEST_Q2, 1, 4, 437.3051523331087, [1.17716542], [1.]
TEST_Q1, 1, 5, 440.9971547082532, [0.55284879], [0.]
TEST_Q2, 1, 5, 441.55329654179513, [1.11414796], [2.]
TEST_Q1, 1, 6, 445.1700983750634, [0.55671679], [1.]
TEST_Q2, 1, 6, 445.73047179169953, [1.55125933], [1.]
TEST_Q1, 1, 7, 449.78453054162674, [0.50209792], [1.]
TEST_Q2, 1, 7, 450.2894049999304, [1.08075317], [1.]
TEST_Q1, 1, 8, 453.88351399987005, [0.45499233], [0.]
TEST_Q2, 1, 8, 454.3421683749184, [0.95963904], [1.]
TEST_Q1, 1, 9, 457.80455004167743, [0.45426913], [1.]
TEST_Q2, 1, 9, 458.2621971250046, [0.78059112], [2.]
TEST_Q1, 1, 10, 461.5456019581761, [0.36485246], [0.]
TEST_Q2, 1, 10, 461.9137734998949, [0.95908942], [2.]
TEST_Q1, 1, 11, 465.3755710416008, [0.45223154], [0.]
TEST_Q2, 1, 11, 465.8307632498909, [0.86473462], [2.]
TEST_Q1, 1, 12, 469.2020011667628, [0.52488654], [0.]
TEST_Q2, 1, 12, 469.7306126249023, [0.89738083], [2.]
TEST_Q1, 1, 13, 473.1309428331442, [0.42325825], [0.]
TEST_Q2, 1, 13, 473.5581272081472, [0.83562104], [2.]
TEST_Q1, 1, 14, 476.89638924994506, [0.46807142], [0.]
TEST_Q2, 1, 14, 477.3672079166863, [1.08852762], [1.]
TEST_Q1, 1, 15, 480.95818912493996, [0.42157779], [1.]
TEST_Q2, 1, 15, 481.3828724999912, [3.03898021], [1.]
TEST_Q1, 1, 16, 486.9244666667655, [0.40074038], [0.]
TEST_Q2, 1, 16, 487.3279321666341, [2.54099496], [1.]
TEST_Q1, 1, 17, 492.37159570818767, [0.45240013], [0.]
TEST_Q2, 1, 17, 492.8269327082671, [3.18161283], [1.]
TEST_Q1, 1, 18, 498.51125779165886, [0.91589183], [0.]
TEST_Q2, 1, 18, 499.430573833175, [3.57782117], [0.]
TEST_Q1, 1, 19, 505.51098949997686, [0.47330617], [1.]
TEST_Q2, 1, 19, 505.9881668332964, [1.77947825], [0.]
TEST_Q1, 1, 20, 510.2709836666472, [2.07130633], [1.]
TEST_Q2, 1, 20, 512.3465324582066, [2.43660896], [0.]
TEST_Q1, 1, 21, 517.2857294999994, [0.72390421], [0.]
TEST_Q2, 1, 21, 518.0135812917724, [1.66857825], [1.]
TEST_Q1, 1, 22, 522.1845432498958, [0.99428667], [0.]
TEST_Q2, 1, 22, 523.1825390832964, [2.04626058], [1.]
TEST_Q1, 1, 23, 527.7314716249239, [1.1054195], [0.]
TEST_Q2, 1, 23, 528.8412956248503, [1.08259792], [2.]
TEST_Q1, 1, 24, 532.4271318332758, [0.94348917], [0.]
TEST_Q2, 1, 24, 533.386308999965, [1.91657267], [1.]
TEST_Q1, 1, 25, 537.805618125014, [2.05602321], [1.]
TEST_Q2, 1, 25, 539.8659825418144, [0.79131517], [0.]
TEST_Q1, 1, 26, 543.160110583296, [2.16418062], [1.]
TEST_Q2, 1, 26, 545.338805541629, [1.03546913], [1.]
TEST_Q1, 1, 27, 548.8791600831319, [0.48516138], [0.]
TEST_Q2, 1, 27, 549.367152416613, [4.24872758], [0.]
TEST_Q1, 1, 28, 556.1180585832335, [0.41725233], [1.]
TEST_Q2, 1, 28, 556.5388265000656, [0.99289667], [0.]
TEST_Q1, 1, 29, 560.0344763749745, [0.78452142], [0.]
TEST_Q2, 1, 29, 560.8226270831656, [1.8886765], [0.]
TEST_Q1, 1, 30, 565.224917500047, [1.39787925], [0.]
TEST_Q2, 1, 30, 566.6270784998778, [1.15970454], [2.]
TEST_Q1, 1, 31, 570.2894025831483, [0.38298862], [0.]
TEST_Q2, 1, 31, 570.6751313749701, [0.86466425], [1.]
TEST_Q1, 1, 32, 574.0425081248395, [0.62507588], [1.]
TEST_Q2, 1, 32, 574.6698950831778, [1.46733154], [0.]
TEST_Q1, 1, 33, 578.639816749841, [1.69369425], [0.]
TEST_Q2, 1, 33, 580.3387528748717, [2.03048304], [0.]
TEST_Q1, 1, 34, 584.8719031249639, [0.44978704], [1.]
TEST_Q2, 1, 34, 585.324517958099, [1.54179088], [2.]
TEST_Q1, 1, 35, 589.3688405416906, [0.40422425], [1.]
TEST_Q2, 1, 35, 589.7768648748752, [0.70672875], [2.]
TEST_Q1, 1, 36, 592.9882928750012, [0.15775379], [0.]
TEST_Q2, 1, 36, 593.1486517081503, [2.04375542], [1.]
TEST_Q1, 1, 37, 597.6950360417832, [0.27894546], [0.]
TEST_Q2, 1, 37, 597.9767174581066, [1.11511883], [2.]
TEST_Q1, 1, 38, 601.5944545418024, [0.54716217], [0.]
TEST_Q2, 1, 38, 602.1454270000104, [1.81061754], [2.]
TEST_Q1, 1, 39, 606.4585252499674, [0.3814415], [0.]
TEST_Q2, 1, 39, 606.8431332081091, [0.84980267], [2.]
TEST_Q1, 1, 40, 610.1956715416163, [0.38310192], [1.]
TEST_Q2, 1, 40, 610.5814574167598, [0.65181554], [2.]
TEST_Q1, 1, 41, 613.7379945416469, [1.77855154], [1.]
TEST_Q2, 1, 41, 615.5207772916183, [1.51789329], [1.]
TEST_Q1, 1, 42, 619.5413352081086, [1.24594142], [0.]
TEST_Q2, 1, 42, 620.7917689580936, [0.86196233], [0.]
TEST_Q1, 1, 43, 624.1563998332713, [0.38238363], [0.]
TEST_Q2, 1, 43, 624.542115624994, [0.74543367], [2.]
TEST_Q1, 1, 44, 627.790467916755, [0.54618396], [0.]
TEST_Q2, 1, 44, 628.3397695417516, [0.96166721], [1.]
TEST_Q1, 1, 45, 631.8039738750085, [0.64489354], [1.]
TEST_Q2, 1, 45, 632.4518312499858, [0.67939887], [0.]
TEST_Q1, 1, 46, 635.6341891249176, [2.178637], [0.]
TEST_Q2, 1, 46, 637.8170150415972, [2.42829546], [1.]
TEST_Q1, 1, 47, 642.7481730417348, [1.246861], [1.]
TEST_Q2, 1, 47, 643.9993055416271, [0.95293175], [1.]
TEST_Q1, 1, 48, 647.4549028750043, [1.38440762], [1.]
TEST_Q2, 1, 48, 648.8433688331861, [1.71897383], [2.]
TEST_Q2, 1, 49, 658.0805744999088, [2.11933538], [0.]
TEST_Q1, 1, 50, 662.7026833333075, [0.315035], [0.]
TEST_Q2, 1, 50, 663.0213331666309, [0.74460683], [2.]
TEST_Q1, 1, 51, 666.2696594167501, [0.47172346], [1.]
TEST_Q2, 1, 51, 666.7439800000284, [0.56960029], [2.]
TEST_Q1, 1, 52, 669.8275806249585, [0.36471729], [1.]
TEST_Q2, 1, 52, 670.1948502499145, [0.52835104], [2.]
TEST_Q1, 1, 53, 673.2369049999397, [0.71165096], [1.]
TEST_Q2, 1, 53, 673.9519106249791, [0.72848542], [0.]
TEST_Q1, 1, 54, 677.183151749894, [0.34638962], [1.]
TEST_Q2, 1, 54, 677.5324640416075, [0.81109738], [0.]
TEST_Q1, 1, 55, 680.8463342499454, [0.76087912], [0.]
TEST_Q2, 1, 55, 681.6106742499396, [0.87997492], [0.]
TEST_Q1, 1, 56, 684.9930599166546, [0.49643546], [1.]
TEST_Q2, 1, 56, 685.4933351667132, [1.07085588], [1.]
TEST_Q1, 1, 57, 689.0670887082815, [0.66054658], [0.]
TEST_Q2, 1, 57, 689.7310192498844, [1.46278617], [1.]
TEST_Q1, 1, 58, 693.696312374901, [0.57253408], [1.]
TEST_Q2, 1, 58, 694.2713534166105, [0.91770479], [0.]
TEST_Q1, 1, 59, 697.6917012082413, [0.39789492], [0.]
TEST_Q2, 1, 59, 698.0926847083028, [0.86788754], [2.]
TEST_Q1, 1, 60, 701.4634985832963, [-0.02638063], [0.]
TEST_Q2, 1, 60, 701.465591333108, [2.55443138], [0.]
TEST_Q1, 1, 61, 706.5342883332632, [0.26376346], [0.]
TEST_Q2, 1, 61, 706.8017723332159, [2.48904463], [1.]
TEST_Q1, 1, 62, 711.7933827498928, [0.35417112], [1.]
TEST_Q2, 1, 62, 712.1507016250398, [0.84790196], [1.]
TEST_Q1, 1, 63, 715.5013995831832, [2.0509555], [0.]
TEST_Q2, 1, 63, 717.556216500001, [0.85007042], [1.]
TEST_Q1, 1, 64, 720.9208149998449, [0.59446617], [0.]
TEST_Q2, 1, 64, 721.5178819166031, [2.56032746], [2.]
TEST_Q1, 1, 65, 726.5804757499136, [0.38452354], [1.]
TEST_Q2, 1, 65, 726.9689373748843, [0.74878108], [1.]
TEST_Q1, 1, 66, 730.220572500024, [0.36683508], [1.]
TEST_Q2, 1, 66, 730.5904382499866, [0.63972212], [2.]
TEST_Q1, 1, 67, 733.7332530831918, [0.40060817], [0.]
TEST_Q2, 1, 67, 734.1366835832596, [1.08280329], [0.]
TEST_Q1, 1, 68, 737.725142166717, [0.53861125], [0.]
TEST_Q2, 1, 68, 738.2658047082368, [0.76918188], [2.]
TEST_Q1, 1, 69, 741.5378169999458, [0.45088958], [0.]
TEST_Q2, 1, 69, 741.9913269998506, [0.74928625], [2.]
TEST_Q1, 1, 70, 745.2433630831074, [0.56291058], [1.]
TEST_Q2, 1, 70, 745.8101527499966, [0.84625746], [1.]
TEST_Q1, 1, 71, 749.1594576248899, [0.45718838], [1.]
TEST_Q2, 1, 71, 749.6202806250658, [0.88671129], [1.]
TEST_Q1, 1, 72, 753.0214499167632, [0.87130683], [0.]
TEST_Q2, 1, 72, 753.8966105831787, [0.60952317], [0.]
TEST_Q1, 1, 73, 757.0089815000538, [1.78715146], [1.]
TEST_Q2, 1, 73, 758.7999748331495, [0.65088683], [0.]
TEST_Q1, 1, 74, 761.9557617080864, [0.66501754], [1.]
TEST_Q2, 1, 74, 762.6247305832803, [1.17886833], [1.]
TEST_Q1, 1, 75, 766.3062647082843, [1.03283783], [1.]
TEST_Q2, 1, 75, 767.3434330415912, [0.87693721], [1.]
TEST_Q1, 1, 76, 770.723284291802, [0.50322133], [0.]
TEST_Q2, 1, 76, 771.2288027498871, [0.88806496], [2.]
TEST_Q1, 1, 77, 774.6194977499545, [0.43491296], [1.]
TEST_Q2, 1, 77, 775.057247833116, [0.89823708], [0.]
TEST_Q1, 1, 78, 778.4582353748847, [0.76494558], [0.]
TEST_Q2, 1, 78, 779.2267974582501, [1.45991792], [1.]
TEST_Q1, 1, 79, 783.1895297917072, [0.34654504], [0.]
TEST_Q2, 1, 79, 783.5389932917897, [0.74625708], [0.]
TEST_Q1, 1, 80, 786.7878829166293, [0.39750246], [1.]
TEST_Q2, 1, 80, 787.1884627917316, [0.68243829], [0.]
TEST_Q1, 1, 81, 790.3738413748797, [0.34619108], [1.]
TEST_Q2, 1, 81, 790.7229420000222, [2.10519729], [2.]
TEST_Q1, 1, 82, 795.330691666808, [0.45556329], [0.]
TEST_Q2, 1, 82, 795.7896878332831, [0.86980046], [2.]
TEST_Q1, 1, 83, 799.1621175417677, [0.38322175], [1.]
TEST_Q2, 1, 83, 799.5480174999684, [0.82352012], [1.]
TEST_Q1, 1, 84, 802.8741412917152, [0.5767785], [1.]
TEST_Q2, 1, 84, 803.4538486248348, [0.89031638], [1.]
TEST_Q1, 1, 85, 806.8468955417629, [0.38184717], [0.]
TEST_Q2, 1, 85, 807.2309307500254, [0.87835796], [1.]
TEST_Q1, 1, 86, 810.6120288749225, [1.49709792], [0.]
TEST_Q2, 1, 86, 812.1134283749852, [1.30730158], [1.]
TEST_Q1, 1, 87, 815.9234050416853, [0.38121162], [1.]
TEST_Q2, 1, 87, 816.3083248331677, [0.75267421], [1.]
TEST_Q1, 1, 88, 819.5638904999942, [0.41988604], [0.]
TEST_Q2, 1, 88, 819.9863948333077, [1.29064917], [0.]
TEST_Q1, 1, 89, 823.7804245417938, [0.38361379], [0.]
TEST_Q2, 1, 89, 824.1664283331484, [0.79451012], [1.]
TEST_Q1, 1, 90, 827.4637432917953, [0.40454696], [0.]
TEST_Q2, 1, 90, 827.8714479999617, [0.83109708], [1.]
TEST_Q1, 1, 91, 831.2052872916684, [0.50396896], [0.]
TEST_Q2, 1, 91, 831.7119172499515, [1.06313358], [1.]
TEST_Q1, 1, 92, 835.2777103332337, [0.71411121], [0.]
TEST_Q2, 1, 92, 835.9956704166252, [0.80868958], [1.]
TEST_Q1, 1, 93, 839.3070817918051, [0.43655946], [1.]
TEST_Q2, 1, 93, 839.7462612916715, [0.77128625], [1.]
TEST_Q1, 1, 94, 843.0320132500492, [1.01264846], [0.]
TEST_Q2, 1, 94, 844.0484611249994, [0.82037604], [0.]
TEST_Q1, 1, 95, 847.3716620833147, [0.41532354], [1.]
TEST_Q2, 1, 95, 847.7903361667413, [0.67575083], [2.]
TEST_Q1, 1, 96, 850.9694327081088, [0.48689688], [1.]
TEST_Q2, 1, 96, 851.4593538332265, [1.02827604], [0.]
TEST_Q1, 1, 97, 854.9903291249648, [0.41601479], [0.]
TEST_Q2, 1, 97, 855.4102637080941, [1.13113329], [0.]
TEST_Q1, 1, 98, 859.0440665415954, [0.46829421], [1.]
TEST_Q2, 1, 98, 859.5150542918127, [0.98161704], [1.]
TEST_Q1, 1, 99, 863.0106387082487, [0.98168683], [1.]
TEST_Q2, 1, 99, 863.9962130000349, [1.10951163], [1.]
TEST_Q1, 1, 100, 867.6082529167179, [1.2898275], [0.]
TEST_Q2, 1, 100, 868.9024944582488, [0.82997558], [0.]
TEST_Q1, 1, 101, 872.2370683748741, [0.41349504], [0.]
TEST_Q2, 1, 101, 872.6536552498583, [1.9426945], [1.]
TEST_Q1, 1, 102, 877.0990224583074, [0.10821004], [0.]
TEST_Q2, 1, 102, 877.209855791647, [1.42351442], [2.]
TEST_Q1, 1, 103, 881.1359627081547, [0.31384383], [0.]
TEST_Q2, 1, 103, 881.4526724582538, [0.71756767], [1.]
TEST_Q1, 1, 104, 884.6726677499246, [0.80250392], [1.]
TEST_Q2, 1, 104, 885.4787763750646, [0.72109558], [0.]
TEST_Q1, 1, 105, 888.7027934168, [0.43362292], [1.]
TEST_Q2, 1, 105, 889.1383643748704, [0.96039771], [2.]
TEST_Q1, 1, 106, 892.6015192081686, [0.36845642], [1.]
TEST_Q2, 1, 106, 892.9729246250354, [0.6084155], [1.]
TEST_Q1, 1, 107, 896.0840495000593, [0.47248862], [1.]
TEST_Q2, 1, 107, 896.5604475832079, [1.02857775], [1.]
TEST_Q1, 1, 108, 900.1036316666286, [0.36358604], [0.]
TEST_Q2, 1, 108, 900.469653791748, [0.86251617], [1.]
TEST_Q1, 1, 109, 903.8349242915865, [0.50278917], [1.]
TEST_Q2, 1, 109, 904.3402989166789, [0.79700996], [0.]
TEST_Q1, 1, 110, 907.6398944582324, [0.36368025], [1.]
TEST_Q2, 1, 110, 908.006598791806, [0.81149046], [1.]
TEST_Q1, 1, 111, 911.3208774998784, [1.35648121], [1.]
TEST_Q2, 1, 111, 912.6811948749237, [0.94465287], [1.]
TEST_Q1, 1, 112, 916.1285942499526, [0.45040967], [0.]
TEST_Q2, 1, 112, 916.5816912499722, [1.523907], [0.]
TEST_Q1, 1, 113, 920.6084271250293, [0.42084921], [0.]
TEST_Q2, 1, 113, 921.0318903748412, [0.93277483], [1.]
TEST_Q1, 1, 114, 924.4780990416184, [0.48486846], [1.]
TEST_Q2, 1, 114, 924.9656444583088, [0.88011187], [1.]
TEST_Q1, 1, 115, 928.3485028331634, [1.40408571], [1.]
TEST_Q2, 1, 115, 929.756550291786, [0.777386], [1.]
TEST_Q1, 1, 116, 933.0366154580843, [0.72818663], [0.]
TEST_Q2, 1, 116, 933.7679356250446, [3.70808225], [2.]
TEST_Q1, 1, 117, 939.9784514582716, [0.48377446], [0.]
TEST_Q2, 1, 117, 940.4648844166659, [1.36414733], [2.]
TEST_Q1, 1, 118, 944.3317888332531, [1.11001329], [1.]
TEST_Q2, 1, 118, 945.4457669998519, [1.13000721], [0.]
TEST_Q1, 1, 119, 949.0784478748683, [1.48766608], [1.]
TEST_Q2, 1, 119, 950.5701616250444, [1.08565033], [0.]
Experiment ended at 952.1588399999309
